32410243
654232565
993136256
803398494
548615967
915640715
95085887
683039765
409481995
662542617
26285035
203432969
437383833
395868355
326106950
228327310
195493923
502710783
973529995
555743153
867718467
150765839
512800626
313878344
948626434
845675034
375000114
120688278
269562445
680189415
1022598330
779843473
318769510
731893817
256466436
748655836
111631245
717994436
860947075
843982141
124297671
462946247
318767802
99091927
313922486
136993615
183000294
76430571
261766054
768649733
509369820
962799429
234719394
574796467
393012462
753979971
928489667
803305300
765113604
102149255
693392778
668683987
835355860
295262009
5258338
504733799
303341602
1180146
714018120
699447947
1065618503
673667912
768477574
59236242
535183796
189841403
829869210
299319790
898346152
914682553
1012599095
382945792
258623241
12600969
598201441
51912593
546749769
199411162
700924091
705564918
463319174
530939944
558967773
223285692
470665134
451856457
907558878
107162387
396124639
406834513
183388916
527259572
64609230
317888552
772484910
557835664
713521756
455481255
708037735
795285240
342895694
1042711911
468870713
44719488
440825111
729484594
1049110561
871377022
396161739
136724736
735545804
838197524
179573049
951419819
1065448812
59592185
732863505
538194997
602616383
262813902
401080895
1062863793
503395634
941543191
633486427
781746129
174791075
689101010
929982521
513965071
648488001
363429564
118639516
277390191
776458768
193657372
358486025
867245302
645141897
650324042
944286134
866438315
133366750
725326784
794721184
562780997
345363546
145188060
1022683835
326618738
199177191
312503342
13546054
934943685
175443626
1016715395
342354740
688308281
274338249
97032816
677238991
671876709
1027491660
64673682
72723543
681395520
344608289
233344872
143036900
781648261
977195066
252933068
348026959
631471052
108656849
1064406802
25044546
901109031
428788938
566096313
331370103
621450355
439772986
1048854984
71857398
442431038
815873021
900703696
185702301
192745811
472818305
187901307
599894942
64059874
141757100
713636298
671490625
757050702
622419406
950658805
831440557
70594710
959589848
544365017
840918744
290450265
902526090
535733019
570808739
778758537
257279202
86362595
189338627
1030573486
92795036
546443311
591339350
938073556
71320528
368239313
402842328
240792849
896702645
390303496
144691759
472335286
514106756
687437757
349745952
285304849
669910654
467543129
625986661
161810909
1023911433
864363329
162131862
650986054
718161133
371415538
757788740
660912797
517342406
990706865
979450406
329091989
929625715
167315446
887052393
1008437048
917032647
704427351
668819499
392755049
61604674
564069930
789139460
790919958
712028411
554442171
720148153
777473018
998494101
905037096
222171923
1036900108
610357871
294261468
777715407
1052848519
972683744
577687462
957765292
373200022
966112919
882889589
204829090
488810908
1033216288
340800435
711563570
332468511
830908293
254917947
360813785
581774927
463876882
968086520
889928352
392159543
596387889
564294170
315373260
465992062
574734964
1063493880
24796346
681692119
767749807
643655036
386855620
274789392
685761861
695450191
18189150
877784491
986637949
430821765
227417405
414895418
60431114
76249080
260254904
360776766
571718322
822547533
1047525416
363903415
624605957
860773250
404732295
655155531
672950348
662926637
485371680
1014061839
946039424
888793432
1063435612
484115957
51042414
419320311
220371898
838749907
406067969
804088321
1028366045
454256141
151552664
214873137
781210043
864544221
352030867
208704346
117911547
741888840
349247212
214388323
464122712
1028686740
429551619
28187102
455018047
362320008
915419250
885055817
901139833
174368035
308401437
544680416
1017355008
473468184
896208720
177473821
1066679286
605327558
643199223
621070542
652358574
317704177
942627599
638022353
956224992
146582783
669069343
713825902
72847873
85416688
566226139
1003977039
521331120
906592218
437676267
18523681
951086154
1069985311
133734852
1050421954
771133848
461657648
64786865
533678115
382250410
507204341
702690551
1005761989
983861180
651530975
173768459
992303818
683310675
346621836
741286405
602881718
989536877
1003070994
809314835
682003398
19796942
1062134252
689606436
75242729
357634163
1053142144
526974628
788050269
574310700
978232137
182599526
837517290
401616197
553170597
251834782
719094710
525205340
962802493
909413639
429948100
66561359
439793677
664117026
257048076
1017005396
1026769680
1007381405
324305718
642146858
755637897
997568723
951658486
804079717
513612015
546140775
824064768
204390117
908661109
25086995
274663079
190319724
922256182
1051586174
234801431
953451587
555440378
1014745161
395605547
70315033
787215271
778370342
777682155
456535283
679341383
429780257
519776933
888201522
873579187
360230398
761390501
604139992
150023641
344848578
811800980
712086731
4889261
821046601
772820843
1031478859
39764146
398437912
120294164
29439882
1010436892
795473455
369404060
247868500
736369058
466676502
482153239
352395752
420103143
581831927
1008324367
523118827
995010946
954025704
206664361
853556338
70514856
552943945
742606166
485679166
834057589
818886724
584999219
492974084
312962010
612268145
768823295
1047220714
593876519
836223899
362298806
298081805
794010157
304807837
418347725
727313725
165027599
743813480
320972812
611426508
1000914351
234546717
999851524
393483645
993455535
395660383
823984685
152425369
659718435
643981219
373996446
910028317
59007185
619816894
427088231
805446420
252181291
630271616
333163661
863727361
803108810
687893888
273692578
926098806
820861343
31790573
265967104
580370627
627890616
781268130
893901987
107592394
933553334
887116862
39235232
579068142
431768774
929652585
1138501
182957351
63709784
840770864
1066769359
44928570
857908579
583369107
712324802
679561470
910303572
232213532
634801898
147815641
1012323727
164187816
1057270764
450118989
204729507
482649666
317590151
242995882
789120016
505876523
497332842
714478563
546055853
890619134
253710260
140635007
636011446
929539049
883075590
134840741
486722683
983011349
36795200
678454618
119915165
1062994472
782763996
214781640
262807814
101642215
57514731
789869749
756558186
375475191
729933736
475301651
947241073
34045886
616964789
653754549
995992202
339763557
55674107
326738462
886627145
91113470
1024289303
834406260
727189879
982646723
291150978
884829077
909679040
108101748
750848323
995805761
731562484
28338144
356824390
1071821684
714057464
910056071
613314148
484524502
846444366
559909972
524571113
683132492
759161916
810931081
341172960
779246248
475857819
309643190
893454820
704556412
951010365
642879207
487651482
59406612
465846011
115808988
749570767
1048917881
669830748
319928433
664887083
195544496
540309211
969995041
375816597
463325192
574278110
107802271
506274088
345489797
797953328
17594531
260926405
491384958
150671669
77280452
894257501
852173383
883277750
909337727
334778557
763875332
857378112
45411672
905179156
523302561
51582775
485187351
206529278
223558617
666425474
1002363954
277786703
691671664
16285383
545777229
67209566
118206341
610863722
802959570
764052747
784712449
196395780
455785412
939053134
923796778
168340117
425695379
788401789
584633174
91208016
346807078
162513689
8451513
231328772
26499319
719273813
119515231
98750239
129103961
252226854
825975092
44912741
557347291
214528512
459087169
694960428
1065649608
962052916
154885873
977949521
515950535
167306720
688261009
773454524
155206303
596718746
247010775
442482058
111171102
566273173
946568089
922295517
1060589838
19932301
292576414
390922300
132868455
140496693
670312593
714550696
627430533
621513563
1017389587
170850363
298836366
297489300
218498279
843181951
570693623
686686122
411999569
335411528
612072478
1025575294
962675320
607314000
358562839
610625466
554649096
766116174
36251267
584660987
919440085
460546257
809594268
450859691
545756344
668079006
724457550
938181255
102400895
753304514
676504448
382253486
183995126
861125687
838956400
605830751
764713514
159745329
234546492
151054676
646644646
378518274
978466942
29831096
640620795
846981552
258939150
966611655
602458945
836818705
544023786
249343744
1036288718
745555358
548493876
545948935
565477388
677501405
339935568
434517533
267269992
468102246
275633966
440700469
869546597
683651725
630020518
228021684
101998537
625592248
96286718
511313095
673905912
745849139
346622345
688919137
578232926
264738513
989170794
604960975
664333572
308955656
903859831
848669178
823271237
47109563
97698361
932498743
993153692
1016926381
318366224
103203022
341521556
43650179
492807025
921434373
717119713
251796339
957389906
149944040
50170507
282412679
304635040
644133016
447661640
411606672
112926182
105243982
785508322
185299370
358583055
693335786
81855705
230035303
416154189
174687036
880102915
153642394
935252752
296654541
547000940
251224002
570890801
855372650
503242052
452760338
957087281
938050609
189841646
997351706
203304347
614906189
846594355
340744978
357278085
501425498
82669209
193613771
919848501
555570768
1053418703
464326186
885672928
89916459
392265281
492471906
62325136
406671130
1009462984
683512752
4537371
470378336
175511425
1065244880
461073240
45193417
852035005
194033923
446406477
754602956
300789520
495785911
1004003232
471756346
923950214
921512143
630282001
681801120
891672307
1008286618
587691292
779783487
582780519
474942025
1061963714
176615846
76207807
816953389
405106530
266001384
837817177
820201584
307572418
755834495
172887007
889354124
498940201
932541886
941421636
795640140
570753197
969090540
15733197
449903998
235366026
658579712
790030151
463379762
828886952
366251520
995078743
20066992
913096513
263597038
909847534
807276026
985545114
808757871
252616156
972445692
34099435
433435133
780173179
955233871
702963300
814544323
993848203
283648426
553748809
243026203
997351709
684095714
739597875
866472611
844915112
488372898
481777786
10819318
272145978
943419307
728391601
60503309
535594441
791441345
785734469
409095727
317466281
312331057
